11000000001110011111111110000001000000000000010000000000000110
11000000111000011000000001100000110000000000011100000000000110
11000011100000011000000000110000011000000000110110000000001100
11001110000000011000000000011000001100000001100011000000011000
11111000000000011000000000011000000110000011000001100000110000
11001110000000011000000000011000000011000110000000110001100000
11000011100000011000000000110000000001101100000000011011000000
11000000111000011000000001100000000000111000000000001110000000
11000000001110011111111110000000000000010000000000000100000000





   